0.02095749877870081
0.040302882266731704
0.04997557401074752
0.056424035173424245
0.056424035173424245
0.04675134342940916
0.03385442110405499
0.011284807034684995
0.0016121152906691805
0.0016121152906691805
0.0016121152906691805
0.0016121152906691805
0.0016121152906691805
0.0016121152906691805
0.0016121152906691805
0.0016121152906691805
0.0016121152906691805
0.02095749877870081
0.040302882266731704
0.04997557401074752
0.056424035173424245
0.056424035173424245
0.04997557401074752
0.03385442110405499
0.014509037616023356
0.0016121152906691805
0.0016121152906691805
0.0016121152906691805
0.0016121152906691805
0.0016121152906691805
0.0016121152906691805
0.0016121152906691805
0.0016121152906691805
0.0016121152906691805
0.017733268197361717
0.03707865168539335
0.04997557401074752
0.056424035173424245
0.056424035173424245
0.053199804592085884
0.040302882266731704
0.017733268197361717
0.0016121152906691805
0.0016121152906691805
0.0016121152906691805
0.0016121152906691805
0.0016121152906691805
0.0016121152906691805
0.0016121152906691805
0.0016121152906691805
0.0016121152906691805
0.014509037616023356
0.03707865168539335
0.04997557401074752
0.056424035173424245
0.056424035173424245
0.053199804592085884
0.03707865168539335
0.017733268197361717
0.0016121152906691805
0.0016121152906691805
0.0016121152906691805
0.0016121152906691805
0.0016121152906691805
0.0016121152906691805
0.0016121152906691805
0.0016121152906691805
0.0016121152906691805
0.011284807034684995
0.030630190522715893
0.04675134342940916
0.056424035173424245
0.056424035173424245
0.053199804592085884
0.040302882266731704
0.02095749877870081
0.0016121152906691805
0.0016121152906691805
0.0016121152906691805
0.0016121152906691805
0.0016121152906691805
0.0016121152906691805
0.0016121152906691805
0.0016121152906691805
0.0016121152906691805
0.011284807034684995
0.030630190522715893
0.04675134342940916
0.053199804592085884
0.056424035173424245
0.053199804592085884
0.040302882266731704
0.02095749877870081
0.0016121152906691805
0.0016121152906691805
0.0016121152906691805
0.0016121152906691805
0.0016121152906691805
0.0016121152906691805
0.0016121152906691805
0.0016121152906691805
0.0016121152906691805
0.011284807034684995
0.03385442110405499
0.04675134342940916
0.053199804592085884
0.056424035173424245
0.053199804592085884
0.040302882266731704
0.02418172936003917
0.004836345872007541
0.0016121152906691805
0.0016121152906691805
0.0016121152906691805
0.0016121152906691805
0.0016121152906691805
0.0016121152906691805
0.0016121152906691805
0.0016121152906691805
0.008060576453346634
0.030630190522715893
0.04675134342940916
0.053199804592085884
0.056424035173424245
0.053199804592085884
0.043527112848070065
0.02095749877870081
0.0016121152906691805
0.0016121152906691805
0.0016121152906691805
0.0016121152906691805
0.0016121152906691805
0.0016121152906691805
0.0016121152906691805
0.0016121152906691805
0.0016121152906691805
0.011284807034684995
0.030630190522715893
0.04675134342940916
0.053199804592085884
0.056424035173424245
0.053199804592085884
0.043527112848070065
0.02418172936003917
0.004836345872007541
0.0016121152906691805
0.0016121152906691805
0.0016121152906691805
0.0016121152906691805
0.0016121152906691805
0.0016121152906691805
0.0016121152906691805
0.0016121152906691805
0.011284807034684995
0.030630190522715893
0.04675134342940916
0.053199804592085884
0.056424035173424245
0.053199804592085884
0.043527112848070065
0.02418172936003917
0.004836345872007541
0.0016121152906691805
0.0016121152906691805
0.0016121152906691805
0.0016121152906691805
0.0016121152906691805
0.0016121152906691805
0.0016121152906691805
0.0016121152906691805
0.008060576453346634
0.030630190522715893
0.043527112848070065
0.053199804592085884
0.056424035173424245
0.056424035173424245
0.043527112848070065
0.027405959941377532
0.008060576453346634
0.0016121152906691805
0.0016121152906691805
0.0016121152906691805
0.0016121152906691805
0.0016121152906691805
0.0016121152906691805
0.0016121152906691805
0.0016121152906691805
0.004836345872007541
0.02418172936003917
0.043527112848070065
0.053199804592085884
0.056424035173424245
0.056424035173424245
0.04675134342940916
0.027405959941377532
0.008060576453346634
0.0016121152906691805
0.0016121152906691805
0.0016121152906691805
0.0016121152906691805
0.0016121152906691805
0.0016121152906691805
0.0016121152906691805
0.0016121152906691805
0.004836345872007541
0.02418172936003917
0.043527112848070065
0.053199804592085884
0.056424035173424245
0.056424035173424245
0.04675134342940916
0.030630190522715893
0.008060576453346634
0.0016121152906691805
0.0016121152906691805
0.0016121152906691805
0.0016121152906691805
0.0016121152906691805
0.0016121152906691805
0.0016121152906691805
0.0016121152906691805
0.004836345872007541
0.02418172936003917
0.043527112848070065
0.053199804592085884
0.056424035173424245
0.056424035173424245
0.04675134342940916
0.030630190522715893
0.008060576453346634
0.0016121152906691805
0.0016121152906691805
0.0016121152906691805
0.0016121152906691805
0.0016121152906691805
0.0016121152906691805
0.0016121152906691805
0.0016121152906691805
0.004836345872007541
0.02418172936003917
0.043527112848070065
0.053199804592085884
0.056424035173424245
0.056424035173424245
0.04675134342940916
0.030630190522715893
0.008060576453346634
0.0016121152906691805
0.0016121152906691805
0.0016121152906691805
0.0016121152906691805
0.0016121152906691805
0.0016121152906691805
0.0016121152906691805
0.0016121152906691805
0.004836345872007541
0.027405959941377532
0.043527112848070065
0.053199804592085884
0.056424035173424245
0.056424035173424245
0.04675134342940916
0.027405959941377532
0.008060576453346634
0.0016121152906691805
0.0016121152906691805
0.0016121152906691805
0.0016121152906691805
0.0016121152906691805
0.0016121152906691805
0.0016121152906691805
0.0016121152906691805
0.004836345872007541
0.027405959941377532
0.043527112848070065
0.053199804592085884
0.056424035173424245
0.056424035173424245
0.04675134342940916
0.027405959941377532
0.008060576453346634
0.0016121152906691805
0.0016121152906691805
0.0016121152906691805
0.0016121152906691805
0.0016121152906691805
0.0016121152906691805
0.0016121152906691805
0.0016121152906691805
0.004836345872007541
0.027405959941377532
0.043527112848070065
0.053199804592085884
0.056424035173424245
0.056424035173424245
0.04675134342940916
0.027405959941377532
0.008060576453346634
0.0016121152906691805
0.0016121152906691805
